function p = prices()
% Hourly prices of electrical energy €/kWh
p.buy =  [ 0.1150    0.1093    0.1086    0.1076    0.1076    0.1073    0.1084    0.1097    0.1114    0.1143    0.1167    0.1178,...
         0.1165    0.1126    0.1104    0.1101    0.1117    0.1184    0.1278    0.1324    0.1319    0.1315    0.1281    0.1169]';

% Prices of energy form ENDESA XXI the day January 4th of 2021
p.buy =  [ 0.0942    0.0909    0.0876    0.0855    0.0855    0.0883    0.0998    0.1057    0.1086    0.1120    0.1098    0.1077,... 
           0.1078    0.1078    0.1057    0.1063    0.1077    0.1108    0.1149    0.1164    0.1137    0.1097    0.1062    0.1049]';        
        
p.sell = 0.08*ones(24,1);
p.sell = p.buy;
        